829.53137724321
973.06031791132
392.23905711936
931.515840030771
144.398948524228
234.408926600548
402.160527230744
167.212991328585
699.272741313456
260.962000260823
949.416218598087
616.679617243556
522.454571553709
227.335419445588
392.563158936164
505.605186702379
265.248194983233
816.986505765633
625.390283221752
492.949369544236
931.634432257072
261.438221361991
948.792109889929
361.045085762646
778.937033748365
959.047060000908
415.190088425663
424.24226852036
734.251348776276
400.533387136711
811.772814710885
195.841731706827
728.680629398367
296.939028549729
966.165998951036
93.2863490415235
938.418715227092
976.137032034438
774.859681841475
173.486714477532
556.517951946968
976.092715104383
325.85897956704
902.954831505848
471.235116426557
500.343331545767
943.139050051411
911.98083937697
422.37210964222
687.15270804123
900.090552079154
475.68720988264
197.719771584137
881.464801375962
618.884428780297
871.94201668895
812.141021056773
244.755349427771
221.276458206762
841.552177824707
304.9905401651
934.923725638003
981.12171264077
851.822983889548
895.405118164158
293.119015181067
474.610750532588
420.354730526964
457.815726601996
454.427932466534
295.343280867004
537.906209562291
304.277063808023
921.900460999044
261.181353776658
120.245136152446
429.744835073168
132.767201654468
80.50726622925
282.423549932481
174.517166588888
381.919853936777
314.463253950893
786.189472062836
382.702956451554
724.677830846942
946.342340796802
164.023372216749
359.162098392951
277.575196633516
737.033658322656
744.787167210812
969.107891805089
466.779816420977
753.651123157454
708.833997314411
181.00913290385
521.043335353581
592.618675017291
694.35336852703
545.976479470315
380.396876478069
931.171567710021
141.42126332328
711.792499979236
347.088865620253
522.601686461296
477.97605444536
802.521793220683
600.500100891798
576.815519533366
742.407126762376
890.684363738258
576.683962190756
784.160487310971
792.322049657247
363.72830567404
479.900342201754
152.785164264752
874.420425527132
458.414258824855
30.3172455271614
391.307503017289
487.691287420132
300.403948720327
684.347395255002
904.880845466996
376.218294959824
455.611296733909
785.400201542746
183.084883652413
345.399008662443
952.090062760387
191.470763517412
398.003860115044
916.938444168116
343.862208421663
431.585594890974
373.714590395136
165.687319960374
115.197547536183
75.789732323901
338.63571810965
759.212054184116
275.933231986607
471.490383156393
669.433979466316
252.243698051455
203.28261682053
133.063311109751
714.051671528667
874.404385716441
731.896552783392
640.931265325202
713.447337026418
711.688836249863
163.097840870736
873.690899655902
935.388861947291
497.138997386885
509.271945703885
921.557578468703
382.712839986324
769.639626130995
374.505927839193
501.781689729362
440.760597353868
746.81314247528
435.826450606334
677.415003978668
654.952827974003
917.892378647955
962.291232015908
594.472374512867
198.482439515031
202.729710333606
124.01349958022
986.232090933128
525.435097081535
257.490434156218
357.481226339279
600.182242349537
857.458918778357
299.135235736578
269.474888344117
461.494619801235
418.621513721314
560.129279760722
488.068292211716
401.376948813632
240.891265572952
881.278134020878
945.827578319581
349.552668362593
525.779114981354
180.092464814901
791.535939586328
772.093003607969
665.74774631453
514.443791506985
418.157190256099
458.841316807988
294.215281978617
940.996150971141
551.587252248191
671.484268834439
316.219406212964
512.730762362263
651.785069227169
888.810992757996
273.918373549772
666.272496382754
792.843804677859
115.873366613157
558.948349611524
198.742686610408
715.126197508415
210.783787632922
255.781041085774
929.091472391493
438.792198124118
83.2741279804592
197.359365406399
97.0762089849907
758.866510469283
359.802681935774
540.112609862373
850.471749249658
969.320811164048
125.765861871752
811.353303634462
708.806447465663
313.300962695748
164.49575496757
373.151420192918
864.691913750361
884.45998188886
961.127015758421
399.252944021997
276.994384991608
173.169089494284
259.848022253947
256.236788860863
236.923673636127
899.6632713374
461.238971648124
420.862136599532
375.519364746324
651.557809845536
365.481737215387
480.414827402867
418.067591424766
469.57951294508
301.215447083048
748.063705447893
597.604248850203
342.876092417546
829.57005879422
661.129009911747
710.82409618836
203.966682041781
958.966595351695
863.432217945846
274.197292269236
713.255246421628
977.74907728996
770.151750556381
969.713809731261
601.340658457131
432.461323292124
980.119437508371
986.909110142358
430.356056856692
494.033944512397
860.984883651462
545.102174134647
458.216515500903
786.589458017279
285.246880278354
308.34542118105
560.688412881813
797.198977724863
921.124234019973
485.729408054211
282.614494423302
986.006905888144
250.074248698853
345.356960142024
90.8750679724673
434.487299534373
288.478079963591
667.948747255201
563.292945266256
854.251276830129
247.916940821868
454.573870226221
157.264135607945
250.552291314277
612.422886828888
98.5333067817168
357.545632599133
209.921956455714
474.937544524629
622.716411572629
748.941521549621
337.545667741941
390.293370866702
175.510541533128
414.151837180211
818.813504732109
782.996218745005
397.734601560176
657.768340826773
288.129805002677
817.275246296069
281.152771889163
301.828981481673
352.3218779678
853.48095226836
157.020986047247
244.541707788286
433.475462258126
460.602944986857
319.716630491409
518.491206836086
218.381078040302
305.98119831944
925.721310424326
259.51471867376
379.85595895936
332.863679729399
949.447287764807
325.976910580125
440.438718035473
895.136612145386
802.131580156669
285.129434551603
677.650122377443
584.784110347257
416.409041339055
453.858058099928
431.067184921498
152.485008349955
501.830383485629
743.940157034707
821.152538679788
977.220902106278
591.630711946343
372.373509840597
497.037102261166
613.366812560421
368.597409663539
603.900551730926
205.849129775774
387.212911397351
250.570017349594
143.742698416908
147.540044115892
866.193896144702
303.131386074861
309.686036665054
55.9396809916103
942.822766867495
527.522763329871
294.264440312795
883.943032543658
479.600293379079
459.01685331786
179.180677830024
921.490639447517
674.976764595626
238.895448482834
268.915356973838
240.754700255644
884.717191404314
643.615522473243
518.420759028342
668.395082601222
316.887338693598
294.176881792818
970.866861429567
451.278331622895
910.862478082844
473.878202117832
930.969087618278
604.369700579405
883.989895357881
933.348536948718
597.886885713535
929.260093611091
297.525667177698
155.641634042934
974.230652120724
928.705384892325
274.134470877391
455.574861060209
461.155751984931
259.223102600255
127.803714405545
104.068685893614
340.547757396438
903.163165028007
540.482948611779
257.489249516578
841.458584745274
355.45436260916
270.459566744549
597.518557584944
211.122493856572
581.442150070516
230.956189698562
515.633435055156
601.618676320557
608.792374307617
404.69915029622
748.52010776599
879.022916721383
258.427304496175
530.016882896039
977.580494731972
900.579694611242
418.143431331571
493.014585093693
246.4726297285
693.738348831606
878.483478022816
890.568271443378
393.135580411869
684.888717173872
541.156139518802
423.574564532998
465.734783058505
314.535115152594
290.217720655714
960.047915538038
206.802780156714
601.068616226687
961.296618310661
842.157431008412
323.451625869953
895.893547720938
408.572151756309
335.720857730334
192.856893940147
408.583002844166
457.548044835682
176.376287697774
316.836825121063
597.129375492397
866.728628147381
415.839799711759
345.178232450854
845.489148210549
547.407707377079
279.849556505175
941.295907826632
773.436639052732
950.188107252872
688.383214422454
294.239946138168
643.767433347176
560.077818164086
393.400368676672
143.630763365103
132.52637225878
191.313233660607
597.574715539165
231.602618900952
671.616529088717
320.565325306831
928.316572828062
698.325895472294
612.484059047281
435.828251363551
335.756131628298
888.803906674221
289.921604160482
644.320928066773
743.580736364144
964.519745039832
956.479998335212
498.535981284534
557.405665831864
563.631120473641
287.687474423976
279.097684995688
462.973422504251
724.665942390571
88.4250114447613
905.682236227287
938.077247894634
979.637223652902
747.282678324174
305.142121584597
503.626329248602
292.870284821399
805.55738878922
876.409498452443
976.753826132219
429.26730527503
672.03068892217
473.709106057608
326.924136873814
226.498893055022
411.771266640851
382.905796959711
294.796520911772
900.081465475156
981.77374529265
479.188031034143
718.267253042456
542.619309618344
186.588857724088
405.145229556286
786.35234259143
850.999806145361
765.271554614882
109.75191214835
410.598134181558
871.391092398311
925.838990376619
491.433117147641
252.399511540692
555.658402118024
216.521542258594
313.841144257669
404.55078871306
956.675868153773
979.238253328213
476.077275843084
410.001799230535
87.5190359142567
443.090777298344
80.8272624189131
493.219653754185
230.72866909581
371.260819509581
149.646822030066
645.562429320652
857.762884110049
289.445659249158
137.780030123433
291.174814732059
641.908010106422
511.383375392782
46.9923081231754
847.327397912877
243.622262646106
694.517904262298
689.871424491102
874.257525568437
932.853596627001
374.731457049491
401.010390958658
154.112305987445
558.514384086606
715.549840310209
233.510939147442
968.859714584398
277.004630511028
128.724667117278
812.173210066206
455.186605784561
537.533587760535
801.632182980378
550.231804387917
112.768116375502
296.49331140188
328.217473652052
423.580097257395
827.004141710041
603.418135334277
369.034489900424
453.315623350876
360.034318284831
901.498038554993
759.651967476093
391.395655608797
334.132642889475
216.73692287453
974.030246062242
803.152321850406
946.073481357532
213.029039295005
867.199556484076
655.510617777756
308.807966019004
345.473856394102
417.791685960184
248.850556605103
817.747093968267
618.52910055528
961.211758888905
787.795736864052
365.872368266698
419.367441455682
517.479271443908
531.991604932455
946.922157520385
349.316999168643
562.015052916379
52.0161830696544
747.846441019974
261.047312793305
839.497640734259
404.536654195182
401.506786128111
327.34506324852
410.55262962136
262.015104281788
415.615305596735
577.839793778822
612.22304226989
359.840881215132
191.007577308478
498.024373441149
800.183699235827
908.286114528587
397.335496398894
880.033597349891
967.349784736869
206.23146864688
191.123262185553
660.89728390975
695.55262731764
385.208435636712
789.001889629501
972.063172398137
300.440874716982
134.052900687735
664.176764539922
738.2935712971
624.029798570971
985.516869230517
219.361435241724
982.552329177943
176.561565316665
920.403317437311
508.097822262739
484.256547811706
319.433279819936
386.133104119096
418.507269797593
482.963211547502
976.984813827569
584.452908868589
534.794748854864
621.328831211174
415.382355188487
486.663224414663
985.623501313334
446.315623463654
395.061360808599
412.88823947505
312.981386182542
198.88492432625
698.371387768031
335.574922235775
943.513802059434
281.959728717697
618.653734734634
314.220313299236
440.855721198182
893.692898422765
388.843006114323
242.385807675125
323.720487287126
674.543207658757
454.5016990587
471.340133291827
945.594926564373
502.339161624889
276.711789111231
432.107329038953
346.192591240451
887.594017317945
335.524534145338
848.462419433458
389.036074494322
182.28958265732
982.532249314014
904.64698629372
245.978250397201
276.632396786659
640.723706677027
744.104112384939
371.518223059198
965.427316262492
355.547686346508
972.968049397582
132.163958842359
441.121170977422
958.637870980079
273.976535117315
768.212478305536
196.466611490134
845.784608516902
974.2428142199
516.119695297001
451.706313772425
137.827752268927
236.364495608575
578.906690136823
253.201062915609
933.941851947297
700.756449280058
342.142181488061
462.003282721901
161.095123121031
624.598215336346
373.598945794451
172.075826398847
680.522193493371
411.560717139669
317.142851451467
616.674956784108
366.721665133041
768.935704491579
875.358849513896
766.490084559409
414.548474126843
623.184539223525
566.083845319459
820.678757509164
231.562160276966
903.449677769411
447.382758317177
342.427167833817
895.174186249679
868.481929605181
338.564335666239
313.110471192098
544.250813004905
307.678607843182
251.077577129438
843.428190243888
311.012535244984
392.837380592345
863.454768062717
634.055626360103
713.213396499603
55.3013544981447
719.719120253866
735.857757664101
972.574811756214
180.349790783529
930.660506319914
457.627247005717
265.932890825711
983.023038962086
154.801710344319
411.433906921979
406.930279820266
90.9531802380118
434.493999291712
206.472829716756
268.001999808762
811.926855899326
342.716447832263
880.752543415975
355.439066898125
238.930960251631
624.914434363819
937.168819144435
109.553849506771
247.565013978015
807.025235146119
907.737104531226
936.557971004327
512.950108121078
719.389558681186
196.094607653218
479.108516718735
380.741834434752
423.555637095033
176.533236013874
587.617745612549
644.559120235034
901.552733698853
528.655559644251
168.999487021856
727.977643890196
259.904756526457
179.108613918894
265.796846241063
622.848496118899
782.615358352522
842.216086484028
399.736259349761
309.530649874491
897.892763439777
476.743008888772
420.833212799001
425.112203582448
362.39997590589
531.670295567076
851.211649916916
617.471244957572
427.236648033893
406.743881873462
800.084266678549
828.312539565801
364.89876482697
379.910040158296
522.704725536771
670.640524329921
903.858977919201
606.366009693512
316.399757952557
444.429066325819
928.667822397288
224.867244648109
256.596986694485
887.153307973237
944.915566751106
395.910869949999
101.119901338575
678.547915297002
798.184940715981
400.679226864847
322.873590095177
201.143956854498
94.4666158117311
403.649578644878
847.570896106546
230.055036158449
267.575527686314
975.009160178594
135.440661768409
936.313435680521
536.220371178004
335.976530541086
213.242730891053
618.829720141108
621.502898459388
664.866852926924
870.535582238633
549.577431669113
951.469576808708
325.283516102868
251.373915882014
350.811994096141
627.562286204435
814.725771006797
412.605672430005
852.289391560666
395.376638957588
765.834762589445
284.760025621242
403.664080777308
355.368010255347
741.280367973898
546.006771729064
897.953158476783
984.367333390335
355.439729484984
964.589170551363
736.361469773189
444.653452241785
202.509665290054
689.26349878363
872.068609959575
741.283293916517
942.211506181678
986.020108206338
570.137968410617
758.117414998335
638.381172403985
525.569322491446
986.954327286683
802.086658036964
209.585529361315
268.715709728338
262.072724089911
429.422946065398
324.764341044609
973.752227415994
345.496286834823
897.924913054782
967.794876605716
221.170022199694
816.728644708563
101.015106756731
209.937316159458
867.338527357879
700.257560207814
621.141348513083
327.418953316475
887.614832540327
829.130482854236
900.289244900111
232.32283635861
167.487584154395
244.662553555453
655.302415351643
619.153332592146
289.416059198698
983.841861075026
376.303818921618
492.387080100585
159.279535143509
658.327502869681
940.210471828995
647.152415467584
914.692733519708
776.727013264379
642.024065026905
394.376080673077
224.109723239713
936.917801229488
966.763475128438
322.64374422043
944.755675464709
687.081144208236
850.581405618924
396.075399265276
523.775259682566
963.962908616129
809.452383735282
375.41572382422
443.292837871615
179.135924969896
640.781383044371
287.744231151787
229.784345919714
396.582331691878
840.700844967218
890.5796055866
985.202993378391
507.460440608349
835.96403936593
481.184806443008
251.480843512917
946.358799875884
375.344520636641
257.826715244638
762.618979003542
723.106863162645
314.636805869306
260.772821843657
284.093069534888
303.151852255484
283.823546767233
300.625528029013
356.496372653712
488.541865285575
378.974573030472
849.177757504763
720.667775591626
658.494345108685
318.667425460948
389.919077669098
983.785424847224
953.73491428741
121.211507285986
450.788095380085
212.284530432264
327.804252074702
449.730838576886
860.776314521542
287.361116787745
381.284382399064
287.87471912159
473.525578207819
165.196238081073
824.299462215873
886.341958948005
201.005766746617
238.118835298759
463.529708803594
820.288535286155
301.580547203082
440.408730761014
722.886640295748
946.088776784744
257.934711676293
57.9439930324854
452.324873089129
177.58267594997
819.75924286274
404.737145801429
94.0665032495163
173.807077250496
447.955093419647
946.330328367921
683.713519214662
587.819750637451
973.468538639873
821.921786098775
684.040527629493
919.396396762181
466.263416944446
157.645879044332
443.469581587541
118.634484536605
967.627787386985
906.853635281695
479.499321640771
903.421819340958
220.738481455923
